// drowsiness_asic/quant_conv1/Conv2D;drowsiness_asic/quant_conv1/LastValueQuant/FakeQuantWithMinMaxVarsPerChannel
// Shape: [32, 3, 3, 1], int8, 32 ch scales

-16
-62
-53
-103
23
75
127
22
9
-127
-19
117
35
70
80
89
10
82
-66
-127
-15
39
-14
33
0
-26
-7
-53
57
-35
-63
127
-19
-37
68
-31
-98
-68
127
-118
10
114
-11
-91
115
9
85
84
53
-70
94
-82
-127
-37
-127
-61
-45
38
97
88
84
-28
-50
30
39
-34
106
35
-127
11
-88
-113
-2
-28
-48
28
14
39
47
79
127
127
-29
-124
4
14
-2
40
99
-95
99
7
-120
16
118
-127
-39
72
-45
93
-64
52
-127
-27
-19
37
30
11
-46
-77
-57
120
93
39
127
23
41
-60
-21
-16
-49
-12
-9
127
74
11
-47
-122
-125
43
-85
-60
97
27
127
20
127
9
-90
-1
-63
-50
39
9
-83
-28
127
114
17
-121
29
-99
15
-102
-127
-10
-56
51
10
-7
102
109
-34
-77
-51
78
32
-26
43
56
127
53
87
109
-112
-17
-127
39
28
-62
-9
35
1
60
-127
22
45
-85
44
-6
-61
72
127
-64
-97
-41
-17
95
11
21
26
17
-74
-13
-36
-127
-45
-24
26
81
-127
-55
75
-83
-28
-42
-29
36
6
-81
-51
-101
82
14
127
-127
-63
-11
44
-27
-28
-17
98
66
20
127
-12
-20
57
72
-107
-100
-28
5
0
-3
57
101
83
-15
-111
-127
86
127
24
-13
2
-90
70
-90
-116
-94
-30
-124
83
127
-49
-34
111
13
-127
16
-41
-28
-58
114
65
-53
60
-70
-127
-12
81
-115
84
91
-27
50
