// drowsiness_asic/quant_gap/Mean
// Shape: [1, 128], int8, 1 ch scales

-48
-47
-37
5
10
-52
-52
-47
-26
-4
-44
-52
41
-17
-52
-25
-52
-14
-52
-52
-27
3
-39
-36
-51
-49
69
-52
-44
-44
-41
-52
-50
-18
-52
-52
-52
-52
-52
-47
-52
-51
-52
35
-43
-6
-50
-52
-29
80
-50
-52
-51
-42
-8
-17
-47
0
-24
-52
-52
-13
-29
-52
-17
-50
-30
-44
-52
-52
-20
-45
-22
11
-4
-50
-44
-52
-52
1
-47
-51
-46
-52
-36
-52
-52
-52
-29
-51
-42
-27
-51
-52
-50
-47
-19
-48
-52
-49
-50
-40
-47
19
-32
-52
4
-52
-52
32
-33
-46
-51
-48
-51
-44
-52
-43
-52
-52
14
-52
-52
-11
-50
-44
-5
-52
