========================================================================
REQUANTIZATION PARAMETERS CHO ASIC RTL
========================================================================

S_input        = 0.003921568859
S_output_model = 0.066525794566  (scale của model output — dùng làm fallback)
ZP_out         = -2

⚠️  LƯU Ý: S_out ở đây là scale của model output CUỐI CÙNG.
   Trong thực tế mỗi layer có S_out riêng (scale activation tiếp theo).
   Hãy dùng layer_trace.py để lấy đúng scale từng intermediate tensor.

Datapath:
  int32  acc    = MAC(int8_x, int8_w) + int32_bias
  int64  scaled = (int64)acc * (int64)M_int32
  int32  shifted= scaled >> total_shift
  int8   out    = clip(shifted + zp_out, -128, 127)


────────────────────────────────────────────────────────────────────────
Layer: serving_default_input_q07:0
Shape: [1, 128, 128, 1]
   Ch             M_float       M_int32   shift
────────────────────────────────────────────────────────────────────────
    0      0.000231169014    1016692074      42

────────────────────────────────────────────────────────────────────────
Layer: drowsiness_asic/quant_conv1/Conv2D;drowsiness_asic/quant_conv1/LastValueQuant/FakeQuantWithMinMaxVarsPerChannel
Shape: [32, 3, 3, 1]
   Ch             M_float       M_int32   shift
────────────────────────────────────────────────────────────────────────
    0      0.001392550881     765562943      39
    1      0.000550760294     605567348      40
    2      0.001210152695     665288480      39
    3      0.001871774462    1029018893      39
    4      0.001348619269     741411284      39
    5      0.001563640500     859620456      39
    6      0.001952106106    1073181681      39
    7      0.001168043094     642138482      39
    8      0.000716624011     787936433      40
    9      0.001344974918     739407781      39
   10      0.001566150404     861000290      39
   11      0.002593320889     712846618      38
   12      0.000632430228     695364390      40
   13      0.001540908953     847123656      39
   14      0.000991219422     544928640      39
   15      0.002244074744     616846569      38
   16      0.002006813429     551628675      38
   17      0.001658862148     911969110      39
   18      0.001049691437     577073970      39
   19      0.001713801807     942172507      39
   20      0.002375410837     652947959      38
   21      0.002058046261     565711448      38
   22      0.000961092228    1056732080      40
   23      0.001108649204     609486345      39
   24      0.002154743064     592291263      38
   25      0.001729478853     950791054      39
   26      0.001754243774     964405714      39
   27      0.002065086377     567646621      38
   28      0.001638251267     900638159      39
   29      0.001622082100     891749065      39
   30      0.001588203939     873124349      39
   31      0.001487581698     817806687      39

────────────────────────────────────────────────────────────────────────
Layer: drowsiness_asic/quant_conv2/Conv2D;drowsiness_asic/quant_conv2/LastValueQuant/FakeQuantWithMinMaxVarsPerChannel
Shape: [64, 3, 3, 32]
   Ch             M_float       M_int32   shift
────────────────────────────────────────────────────────────────────────
    0      0.000054377098     956612025      44
    1      0.000066907263     588522509      43
    2      0.000079946303     703215122      43
    3      0.000088782477     780938930      43
    4      0.000057996254    1020280887      44
    5      0.000061265620     538898090      43
    6      0.000103899533     913909957      43
    7      0.000040077104     705043875      44
    8      0.000047306872     832231296      44
    9      0.000054298108     955222412      44
   10      0.000072888228     641131629      43
   11      0.000077855881     684827572      43
   12      0.000081618315     717922289      43
   13      0.000061466093     540661470      43
   14      0.000056089241     986732362      44
   15      0.000060379882    1062214114      44
   16      0.000048169034     847398608      44
   17      0.000060283608    1060520453      44
   18      0.000034998931     615707703      44
   19      0.000048568429     854424844      44
   20      0.000058514919    1029405336      44
   21      0.000119127994    1047860915      43
   22      0.000093822242     825269165      43
   23      0.000070289358     618271736      43
   24      0.000065446609     575674457      43
   25      0.000102501505     901612777      43
   26      0.000029957849    1054048107      45
   27      0.000129478617     569452979      42
   28      0.000058201887    1023898433      44
   29      0.000062132973     546527411      43
   30      0.000070084967     616473888      43
   31      0.000067629118     594872017      43
   32      0.000043622005     767406424      44
   33      0.000063419321     557842246      43
   34      0.000065150569     573070465      43
   35      0.000057770149    1016303217      44
   36      0.000072094323     634148372      43
   37      0.000047579075     837019941      44
   38      0.000050438961     887331591      44
   39      0.000079786463     701809150      43
   40      0.000039257249     690620836      44
   41      0.000057471437    1011048208      44
   42      0.000071463265     628597525      43
   43      0.000027097062     953393116      45
   44      0.000062870804     553017443      43
   45      0.000064297043     565562775      43
   46      0.000030570578     537803289      44
   47      0.000076019706     668676405      43
   48      0.000083766656     736819301      43
   49      0.000022394952     787952309      45
   50      0.000069057101     607432680      43
   51      0.000070795019     622719572      43
   52      0.000030854539     542798797      44
   53      0.000031758408     558699821      44
   54      0.000050422076     887034545      44
   55      0.000083952512     738454108      43
   56      0.000032261591     567551912      44
   57      0.000101219508     890336212      43
   58      0.000048953307     861195684      44
   59      0.000088786629     780975450      43
   60      0.000092033671     809536735      43
   61      0.000084539980     743621530      43
   62      0.000043777096     770134825      44
   63      0.000076254889     670745100      43

────────────────────────────────────────────────────────────────────────
Layer: drowsiness_asic/quant_conv3/Conv2D;drowsiness_asic/quant_conv3/LastValueQuant/FakeQuantWithMinMaxVarsPerChannel
Shape: [128, 3, 3, 64]
   Ch             M_float       M_int32   shift
────────────────────────────────────────────────────────────────────────
    0      0.000036489039     641921960      44
    1      0.000048585932     854732755      44
    2      0.000054082290     951425709      44
    3      0.000039946762     702750871      44
    4      0.000052669522     926572031      44
    5      0.000045429337     799201348      44
    6      0.000041516506     730366090      44
    7      0.000029472244    1036962402      45
    8      0.000042605561     749524957      44
    9      0.000027721702     975370686      45
   10      0.000035733019     628621912      44
   11      0.000050520611     888767985      44
   12      0.000044931459     790442578      44
   13      0.000039652901     697581216      44
   14      0.000046433658     816869554      44
   15      0.000050033760     880203221      44
   16      0.000031463435     553510608      44
   17      0.000025976305     913959998      45
   18      0.000038719274     681156665      44
   19      0.000028964720    1019105502      45
   20      0.000044822730     788529800      44
   21      0.000039584561     696378969      44
   22      0.000027919998     982347605      45
   23      0.000039983610     703399108      44
   24      0.000024162053     850126647      45
   25      0.000027398125     963985830      45
   26      0.000036442806     641108631      44
   27      0.000038984775     685827422      44
   28      0.000068159950     599541264      43
   29      0.000040323443     709377505      44
   30      0.000034910436     614150885      44
   31      0.000048255728     848923736      44
   32      0.000050775428     893250772      44
   33      0.000050463711     887766988      44
   34      0.000049826051     876549156      44
   35      0.000043074226     757769797      44
   36      0.000026873982     945544195      45
   37      0.000065432355     575549084      43
   38      0.000028930165    1017889673      45
   39      0.000049770781     875576831      44
   40      0.000065879513     579482327      43
   41      0.000038207519     672153788      44
   42      0.000043207234     760109703      44
   43      0.000068885532     605923549      43
   44      0.000035759237     629083144      44
   45      0.000032116330     564996451      44
   46      0.000034593558     608576315      44
   47      0.000039302470     691416358      44
   48      0.000024851747     874393116      45
   49      0.000032810760     577212986      44
   50      0.000051817071     911575545      44
   51      0.000079022273     695087264      43
   52      0.000063881858     561910762      43
   53      0.000040289302     708776894      44
   54      0.000045269874     796396045      44
   55      0.000074128144     652038049      43
   56      0.000043884405     772022613      44
   57      0.000027155834     955460966      45
   58      0.000039295621     691295874      44
   59      0.000031936307     561829453      44
   60      0.000038585761     678807887      44
   61      0.000026286708     924881328      45
   62      0.000036490058     641939888      44
   63      0.000036634609     644482854      44
   64      0.000049095260     863692956      44
   65      0.000047068999     828046581      44
   66      0.000081379329     715820152      43
   67      0.000043930493     772833407      44
   68      0.000046087625     810782081      44
   69      0.000035453734     623708678      44
   70      0.000039366857     692549067      44
   71      0.000054516917     959071751      44
   72      0.000034958020     614987997      44
   73      0.000070251128     617935454      43
   74      0.000067210275     591187830      43
   75      0.000030732243     540647345      44
   76      0.000033927073     596851375      44
   77      0.000032490526     571579381      44
   78      0.000041966741     738286722      44
   79      0.000037476231     659288835      44
   80      0.000055950732     984295695      44
   81      0.000044016730     774350506      44
   82      0.000032041093     563672874      44
   83      0.000047615604     837662564      44
   84      0.000046481445     817710227      44
   85      0.000028203780     992332284      45
   86      0.000061271117     538946440      43
   87      0.000038034489     669109810      44
   88      0.000053710468     944884550      44
   89      0.000020162126     709391750      45
   90      0.000038645217     679853854      44
   91      0.000040063091     704797353      44
   92      0.000038583757     678772635      44
   93      0.000039799089     700152975      44
   94      0.000034101132     599913461      44
   95      0.000056752862     998406900      44
   96      0.000034205558     601750544      44
   97      0.000029004571    1020507610      45
   98      0.000047771289     840401407      44
   99      0.000079858210     702440244      43
  100      0.000061131102     537714857      43
  101      0.000036755505     646609679      44
  102      0.000051585754     907506183      44
  103      0.000032490804     571584271      44
  104      0.000041407430     728447215      44
  105      0.000040079050     705078100      44
  106      0.000044958775     790923127      44
  107      0.000064409478     566551760      43
  108      0.000035097527     617442229      44
  109      0.000039813723     700410422      44
  110      0.000034519883     607280204      44
  111      0.000029334415    1032112972      45
  112      0.000043035858     757094820      44
  113      0.000040710859     716193014      44
  114      0.000047503653     835693105      44
  115      0.000027783391     977541153      45
  116      0.000045754748     804926040      44
  117      0.000029867947    1050884973      45
  118      0.000031868190     560631130      44
  119      0.000031020755     545722895      44
  120      0.000026133646     919495935      45
  121      0.000045660945     803275840      44
  122      0.000032617341     573810332      44
  123      0.000032063039     564058955      44
  124      0.000026277954     924573296      45
  125      0.000032892447     578650044      44
  126      0.000034267911     602847458      44
  127      0.000045100066     793408748      44

────────────────────────────────────────────────────────────────────────
Layer: drowsiness_asic/quant_conv4/Conv2D;drowsiness_asic/quant_conv4/LastValueQuant/FakeQuantWithMinMaxVarsPerChannel
Shape: [128, 3, 3, 128]
   Ch             M_float       M_int32   shift
────────────────────────────────────────────────────────────────────────
    0      0.000043914119     772545355      44
    1      0.000049192707     865407261      44
    2      0.000050763937     893048617      44
    3      0.000024040338     845844205      45
    4      0.000047733827     839742366      44
    5      0.000057136374    1005153716      44
    6      0.000040949584     720392699      44
    7      0.000038314642     674038316      44
    8      0.000048701094     856758713      44
    9      0.000048652690     855907174      44
   10      0.000029973866    1054611654      45
   11      0.000042055617     739850240      44
   12      0.000033646216     591910495      44
   13      0.000051064145     898329944      44
   14      0.000048339275     850393511      44
   15      0.000051313390     902714701      44
   16      0.000035034890     616340305      44
   17      0.000048626891     855453306      44
   18      0.000046947986     825917704      44
   19      0.000048797999     858463481      44
   20      0.000025115048     883657184      45
   21      0.000054541783     959509200      44
   22      0.000035800504     629809128      44
   23      0.000049811756     876297685      44
   24      0.000032835080     577640838      44
   25      0.000044523245     783261210      44
   26      0.000034655152     609659889      44
   27      0.000037948918     667604421      44
   28      0.000045433111     799267747      44
   29      0.000043222558     760379283      44
   30      0.000048673085     856265971      44
   31      0.000051170455     900200166      44
   32      0.000047677932     838759055      44
   33      0.000025249911     888402247      45
   34      0.000052499597     923582681      44
   35      0.000059503875    1046803237      44
   36      0.000064369573     566200750      43
   37      0.000055961338     984482277      44
   38      0.000035684182     627762767      44
   39      0.000050004712     879692189      44
   40      0.000042719046     751521397      44
   41      0.000030938587     544277385      44
   42      0.000042133053     741212509      44
   43      0.000037754659     664186978      44
   44      0.000048622348     855373386      44
   45      0.000041372126     727826142      44
   46      0.000056760733     998545372      44
   47      0.000053266930     937081746      44
   48      0.000050264617     884264494      44
   49      0.000041909162     737273773      44
   50      0.000025171030     885626884      45
   51      0.000044110101     775993100      44
   52      0.000047746378     839963173      44
   53      0.000040715883     716281385      44
   54      0.000034621097     609060787      44
   55      0.000051344504     903262071      44
   56      0.000043126566     758690572      44
   57      0.000044759568     787418641      44
   58      0.000054156192     952725804      44
   59      0.000036398966     640337375      44
   60      0.000031441942     553132495      44
   61      0.000039436315     693770992      44
   62      0.000041291214     726402726      44
   63      0.000041098125     723005867      44
   64      0.000034335780     604041435      44
   65      0.000055040022     968274309      44
   66      0.000048003923     844493948      44
   67      0.000049571982     872079529      44
   68      0.000051897921     912997874      44
   69      0.000049410268     869234628      44
   70      0.000052610906     925540852      44
   71      0.000038027606     668988722      44
   72      0.000049446910     869879242      44
   73      0.000041570263     731311795      44
   74      0.000024289329     854604786      45
   75      0.000065429802     575526629      43
   76      0.000053175056     935465470      44
   77      0.000036215982     637118285      44
   78      0.000048636309     855619002      44
   79      0.000040080391     705101702      44
   80      0.000035792338     629665465      44
   81      0.000037358557     657218691      44
   82      0.000043794441     770439959      44
   83      0.000053141128     934868602      44
   84      0.000056774032     998779339      44
   85      0.000029195790    1027235533      45
   86      0.000054627272     961013141      44
   87      0.000044037318     774712683      44
   88      0.000056168345     988123968      44
   89      0.000050517835     888719152      44
   90      0.000052606755     925467813      44
   91      0.000059877440    1053375061      44
   92      0.000041895327     737030390      44
   93      0.000047324632     832543734      44
   94      0.000042998629     756439883      44
   95      0.000032669630     574730201      44
   96      0.000048677024     856335268      44
   97      0.000040970954     720768638      44
   98      0.000048412593     851683344      44
   99      0.000045196072     795097700      44
  100      0.000043251761     760893032      44
  101      0.000038989116     685903781      44
  102      0.000033664522     592232530      44
  103      0.000041449281     729183461      44
  104      0.000049946827     878673868      44
  105      0.000070107695     616673810      43
  106      0.000043381599     763177162      44
  107      0.000049373135     868581381      44
  108      0.000039653111     697584898      44
  109      0.000038350005     674660416      44
  110      0.000050489514     888220917      44
  111      0.000047383032     833571109      44
  112      0.000026900394     946473481      45
  113      0.000060020941    1055899556      44
  114      0.000030831142     542387183      44
  115      0.000051173145     900247490      44
  116      0.000046546944     818862494      44
  117      0.000042954950     755671464      44
  118      0.000043366913     762918809      44
  119      0.000042447745     746748628      44
  120      0.000039926140     702388090      44
  121      0.000046771569     822814148      44
  122      0.000049361771     868381459      44
  123      0.000046468928     817490024      44
  124      0.000038012509     668723126      44
  125      0.000052137160     917206614      44
  126      0.000027771112     977109136      45
  127      0.000034539167     607619443      44

────────────────────────────────────────────────────────────────────────
Layer: drowsiness_asic/quant_gap/Mean
Shape: [1, 128]
   Ch             M_float       M_int32   shift
────────────────────────────────────────────────────────────────────────
    0      0.000944671621    1038677431      40

────────────────────────────────────────────────────────────────────────
Layer: tfl.pseudo_qconst4
Shape: [32, 128]
   Ch             M_float       M_int32   shift
────────────────────────────────────────────────────────────────────────
    0      0.000179805617     790793467      42
    1      0.000095540115     840379737      43
    2      0.000194943589     857370974      42
    3      0.000155693824     684748677      42
    4      0.000128268806     564132175      42
    5      0.000148977848     655211506      42
    6      0.000094507863     831299957      43
    7      0.000143748186     632211208      42
    8      0.000129226655     568344838      42
    9      0.000138176183     607705279      42
   10      0.000096363795     847624909      43
   11      0.000157565285     692979454      42
   12      0.000131145275     576783021      42
   13      0.000091613126     805837579      43
   14      0.000127342319     560057441      42
   15      0.000148372442     652548900      42
   16      0.000123355599     542523664      42
   17      0.000174732584     768482030      42
   18      0.000095371710     838898433      43
   19      0.000142302801     625854336      42
   20      0.000119190058    1048406836      43
   21      0.000118877486    1045657429      43
   22      0.000099282352     873296806      43
   23      0.000144648404     636170407      42
   24      0.000166008021     730110997      42
   25      0.000184343777     810752504      42
   26      0.000141339435     621617407      42
   27      0.000166375698     731728057      42
   28      0.000091465020     804534828      43
   29      0.000120825012    1062788044      43
   30      0.000162681566     715481094      42
   31      0.000123510966     543206971      42

────────────────────────────────────────────────────────────────────────
Layer: drowsiness_asic/quant_fc1/MatMul;drowsiness_asic/quant_relu_fc/Relu;drowsiness_asic/quant_fc1/BiasAdd
Shape: [1, 32]
   Ch             M_float       M_int32   shift
────────────────────────────────────────────────────────────────────────
    0      0.001312192555     721385486      39

────────────────────────────────────────────────────────────────────────
Layer: drowsiness_asic/quant_output/MatMul;drowsiness_asic/quant_output/LastValueQuant/FakeQuantWithMinMaxVars
Shape: [1, 32]
   Ch             M_float       M_int32   shift
────────────────────────────────────────────────────────────────────────
    0      0.000325784350     716407362      41

────────────────────────────────────────────────────────────────────────
Layer: StatefulPartitionedCall:0
Shape: [1, 1]
   Ch             M_float       M_int32   shift
────────────────────────────────────────────────────────────────────────
    0      0.003921568859     538976320      37
