// tfl.pseudo_qconst4
// Shape: [32, 128], int8, 32 ch scales

-90
62
-27
24
-83
13
13
-64
46
2
-81
-59
45
-100
40
-16
-105
-19
-11
-10
22
-79
-21
30
12
8
-46
-88
-58
-21
-66
27
22
41
-24
10
76
-8
-65
68
-85
-5
60
25
-72
1
34
44
14
10
-127
-29
-38
-37
-60
19
-79
-85
-27
64
34
-8
32
11
36
-1
27
13
56
2
-66
-3
33
-120
52
-23
4
-60
67
-28
57
-60
-51
12
14
-39
-31
26
-36
63
-84
78
-30
-4
91
2
-5
31
85
-43
-14
-51
-93
2
-10
-41
-50
15
-63
-18
-81
3
-34
-16
-59
-112
29
-63
97
89
-37
0
24
-21
7
58
57
-120
-83
86
-79
65
-38
90
-34
90
23
-1
-102
-93
-127
-35
-36
-13
79
60
77
-33
105
-12
-39
-91
-50
-31
-37
-124
-52
-110
-91
64
-98
104
62
38
-120
94
-68
-43
-80
-117
16
-114
64
83
-121
-89
-60
-93
-77
-74
-59
106
-53
-50
-2
46
32
96
-113
-38
-89
-115
-90
-20
9
71
7
-9
37
-88
-106
-41
-29
-108
64
-6
38
-113
79
-111
42
-13
-8
63
-99
93
42
-84
86
-5
58
78
-38
-18
-80
20
-42
-92
25
18
-79
61
-117
-47
-60
-11
34
82
-12
-48
-108
13
-30
-34
60
-73
-106
-101
50
-23
-96
-25
-21
113
-111
11
80
19
64
-28
-30
14
-90
-24
8
23
-10
-56
41
54
-26
47
19
-49
38
-14
-25
57
71
-51
44
49
66
-68
47
63
45
-102
63
87
-85
-65
-94
-108
-55
10
-45
-60
-83
42
28
59
60
-114
37
50
33
86
79
52
-2
-4
-25
28
6
8
-40
32
-35
-127
29
-75
22
-19
-50
-101
-21
20
-33
66
-20
-79
-74
-18
90
59
62
-57
4
-62
-76
-67
-29
-23
-13
-70
59
-65
78
-26
55
-28
52
0
66
-60
-32
70
63
44
23
-28
46
-52
49
67
37
-44
19
-59
-63
33
-25
-16
36
53
-40
-103
2
-41
88
-13
-24
-67
-36
19
-104
98
7
-21
-89
85
-116
-82
-95
57
94
-13
103
-118
-6
-7
18
-23
-37
-60
19
-33
18
45
36
62
-49
-9
-116
2
76
103
-36
65
59
-83
-67
-10
-23
30
25
102
55
-40
36
-53
34
72
-48
13
-7
-14
-20
-127
57
-9
-53
-25
-31
32
-85
-88
39
2
-45
59
-71
-57
-80
58
-45
59
89
-25
34
-21
70
99
52
-66
16
-28
26
20
-51
60
-112
25
41
11
35
52
74
-13
-39
75
16
67
-12
70
46
71
-90
97
-5
60
-46
60
-68
-57
52
-55
26
61
82
24
7
56
71
57
13
-30
-12
40
68
42
37
-77
23
-30
-78
42
-81
77
-31
-59
-9
115
77
-23
-2
-34
-34
80
-54
-86
14
-88
-12
10
10
64
-86
-43
-53
90
19
-37
-29
5
44
-37
97
55
75
26
96
76
4
35
-13
68
-25
-54
-118
91
-52
-55
-34
19
27
-97
38
82
-100
24
84
-10
-121
-30
126
-79
73
-83
42
6
11
-25
37
-40
-67
44
0
59
-26
91
63
-74
48
-28
68
12
-42
55
-60
-15
-41
18
-63
47
-20
50
46
121
-42
-70
-19
-79
57
59
-58
42
-97
-22
12
77
-29
-38
21
-115
-21
-111
-102
-4
62
-45
58
61
-67
1
-127
16
67
92
-112
99
46
-76
38
87
79
15
-4
108
-68
13
36
-90
4
24
-3
27
-46
-26
-9
-36
28
77
-69
-8
8
-84
69
26
17
0
-4
26
52
-3
32
-33
-13
77
32
-15
68
37
91
30
28
-1
-39
-75
-52
14
47
10
-15
68
-83
-64
111
-21
-32
-36
-40
55
63
0
20
51
-48
100
38
-42
-23
-87
-14
73
-6
16
-56
-87
93
-42
-1
48
-2
-56
13
-25
-13
105
48
-26
-17
61
-63
-30
125
67
75
-54
68
-3
27
-35
-20
8
127
37
-66
-23
-48
32
-23
12
-43
-90
58
-118
12
-11
-24
-25
8
-12
28
42
-42
22
-111
64
96
-15
-46
-127
15
-111
89
-121
47
-42
-100
47
-25
-47
-79
-53
-111
99
27
-34
-104
-64
-84
45
94
44
3
63
-4
-55
-48
42
-68
38
77
-114
-39
66
21
-58
-27
40
-85
-58
-11
-120
-10
-2
-46
96
22
-56
-120
-100
79
107
-85
-17
48
-22
-53
-65
0
115
-102
-110
-78
-121
101
16
-3
-32
-103
-101
12
-17
-29
18
105
87
-62
100
25
87
21
11
-10
-54
-107
-84
70
-94
96
-14
47
-26
-67
54
2
-64
55
-64
-116
25
-35
-87
21
13
-71
-118
-116
102
-78
20
72
-20
106
-75
31
97
62
-48
39
98
106
57
35
64
-46
-43
-75
-13
95
75
-80
-98
34
13
-44
-26
69
-126
106
75
-37
11
95
-99
-38
30
-28
94
70
85
71
85
-119
61
-83
-68
-33
-51
13
77
16
-73
8
24
92
70
42
0
16
79
-28
95
-43
-35
85
3
66
-72
104
36
-126
13
106
-21
-51
-68
108
12
68
-102
72
-66
-8
111
-7
43
45
-31
-60
51
30
12
-6
-48
58
62
13
-35
-65
-37
-127
-55
-81
-13
-9
-70
-37
-82
-118
25
53
45
41
14
103
-16
-16
67
-45
87
69
14
-79
-75
40
-12
-7
-39
-15
72
47
8
54
65
-62
-2
-15
16
83
61
45
-58
-90
-21
-3
-67
-36
-57
-57
10
-56
-85
92
46
75
-78
4
62
25
-65
79
40
22
-64
69
106
77
68
-34
94
-105
20
33
7
-8
-98
-63
-47
25
-20
-33
-22
-41
103
-61
-90
62
42
111
125
87
-21
77
34
-29
-21
127
36
-52
57
6
31
-71
50
50
-85
16
39
31
-20
-31
-17
7
97
13
-33
-57
-68
78
97
-62
-78
-60
-80
-102
26
-108
37
7
2
37
-74
70
58
106
23
19
-36
16
100
8
-9
33
111
-96
101
-2
119
-56
17
-39
5
54
-37
-91
-14
63
125
50
-1
-23
-39
113
-104
104
-40
-27
-10
-29
56
38
-70
26
-17
86
51
51
102
-53
-32
-55
-117
-10
84
26
43
-42
9
-20
23
-80
97
-81
-42
54
-32
49
-89
52
7
54
10
-4
41
39
87
-93
104
-9
25
-95
-17
22
101
-20
107
-48
-62
-66
-35
-45
-33
-62
42
2
-69
37
82
46
-83
-28
65
-32
77
90
38
-26
101
-9
23
50
22
56
88
20
49
0
-61
15
-22
-111
79
-15
-32
60
45
-1
-60
-83
61
-114
67
86
-107
-1
-70
4
-76
92
-97
37
-34
76
11
51
-49
-85
-18
-106
21
33
82
-102
-116
2
-105
106
-29
127
-41
70
-6
62
35
-15
44
18
-84
61
-99
103
-28
77
99
-46
17
46
60
-94
-26
71
53
-122
38
41
-12
106
78
9
34
56
27
-96
7
-32
86
-15
-107
-16
-3
-99
-64
-116
-90
-63
-13
0
40
65
54
-73
19
-118
11
100
34
34
-43
-111
-77
-88
5
-21
73
-86
15
59
49
-39
-106
-52
70
-119
-56
-33
-65
-26
10
-113
85
-6
-77
99
-52
-43
71
19
-105
-57
79
-95
-2
-70
-30
55
30
-76
-28
-127
43
-47
10
-66
-39
-37
-68
-32
90
68
-123
-88
37
-47
-79
-111
-109
40
-82
-47
71
-38
-73
52
-96
59
98
52
-45
-36
81
-56
-83
49
22
-1
116
39
35
44
36
13
-39
20
86
-65
11
52
11
-40
21
-31
90
-90
78
-21
-1
-27
33
-48
-28
-45
-37
-13
-37
44
51
24
44
39
86
40
83
-93
-15
-98
-43
90
-7
-17
79
-13
109
-55
11
-86
27
-63
-102
54
109
-110
-28
106
57
11
32
-6
-4
-41
85
43
50
-14
127
27
-61
49
-81
-14
87
73
-14
11
12
4
-109
22
54
38
-6
97
85
45
87
-96
3
-54
77
35
17
69
70
-13
-11
21
-97
-102
24
81
-21
32
-34
-36
-24
-60
32
-62
44
-27
-113
59
-88
76
-7
7
6
-10
20
56
73
43
-57
-57
-35
-39
113
-33
94
-17
117
-59
44
13
52
58
-34
107
-106
120
-9
95
19
57
-107
-49
-127
104
-21
-68
101
-67
35
-32
100
-37
50
34
-82
108
67
-1
22
92
-49
92
68
60
50
-91
-31
-42
72
-8
12
8
91
35
-101
30
30
-67
-15
107
15
-66
-22
67
-37
-62
-71
89
46
-87
43
-94
-38
-66
-29
-42
114
-17
-6
-12
34
-25
115
36
22
28
-80
-67
39
-15
51
-20
-17
16
-32
-56
0
-7
18
-9
99
88
-36
-59
-50
-20
115
-47
-90
-75
-11
105
-77
61
-58
5
-11
-61
4
-24
-6
-28
-23
-98
-9
39
100
-91
-100
68
24
-25
-84
-37
-41
-16
-5
92
-101
-57
58
-18
-73
-48
22
52
-118
99
-119
44
117
-27
-121
-1
41
-82
-2
-53
69
-73
-106
64
-62
115
-87
11
21
-42
-122
81
-48
-31
-56
116
-3
45
-29
-126
-110
31
78
43
96
-1
-15
-78
29
-66
-66
-54
-55
-83
-110
6
-59
-123
5
19
-76
-63
47
-64
-32
-12
54
-32
-112
-111
-80
-9
-53
-61
-85
73
-53
93
-29
-127
-90
-86
115
-118
-22
-106
10
59
-123
85
52
-77
-65
-75
-55
110
-120
34
26
-19
-21
-108
31
-73
86
86
55
-4
-63
59
-74
-93
10
-71
99
-17
58
-86
110
46
2
8
30
54
-92
122
69
77
-14
60
64
-37
88
-49
91
-60
77
-46
75
-54
44
41
-29
1
-66
-67
-74
59
42
78
40
95
58
77
77
81
-10
-75
-31
-13
-16
85
89
51
117
51
26
-24
-77
-3
-50
-40
101
-83
-36
15
21
9
-85
111
117
16
66
82
95
73
112
51
-60
116
-75
-44
110
125
63
26
-49
28
-56
-75
11
50
-26
9
37
4
81
22
34
-93
-18
-86
29
92
64
-27
37
18
-107
-30
-62
53
-91
41
-107
44
-76
29
-44
-48
83
-15
-18
-84
-89
37
-111
30
60
41
50
-60
127
-18
35
-72
36
-29
21
-4
-1
22
22
40
84
16
-15
13
11
41
-1
0
21
-89
22
-4
-19
-29
61
10
-42
-15
6
-54
68
74
-12
12
-31
-18
-56
-28
73
-88
-54
-45
-102
-82
61
-61
73
-63
37
32
-53
-23
-127
-33
9
64
-60
51
29
-22
-71
-88
70
-59
-56
-90
-58
72
41
-24
63
-51
-78
75
-12
42
32
71
-58
-80
10
44
64
-6
-53
27
-4
94
22
-10
-55
-49
37
-6
-45
-66
25
-62
-90
1
-78
6
11
-32
44
-13
22
73
-109
70
3
-68
3
59
5
14
45
-77
-37
46
-53
4
39
-50
68
-24
10
-32
-62
41
10
50
101
15
-80
-100
113
-65
22
-19
-29
73
58
102
41
31
-10
115
-103
-65
60
-66
-64
81
-11
95
78
-3
15
-127
11
65
49
-80
40
57
-21
77
-33
-62
34
-66
111
-65
-67
92
-59
2
18
-3
-6
34
84
106
18
114
30
2
44
72
63
22
38
6
-105
-37
-77
-15
-28
-19
76
-1
14
-37
-126
-126
70
50
20
33
39
46
-21
-19
97
1
-58
-106
-74
-3
-1
99
55
-56
62
-75
20
68
-16
-14
116
9
-46
-88
123
-100
115
-45
1
-59
-15
99
-77
-98
114
73
-18
92
48
-8
17
-2
-74
-38
-117
4
54
-35
-11
-33
9
-66
-73
-61
34
-1
49
30
42
-5
-32
-47
-10
21
27
23
51
-40
-51
-30
19
18
-26
68
-26
-21
-29
-33
9
29
27
42
-61
-28
51
-69
-3
-72
-66
-60
60
-86
2
-37
-26
-33
13
49
-76
4
37
65
-21
10
42
12
43
-75
60
-44
-68
-42
0
-19
52
-34
-47
-18
-53
52
21
-23
-50
-16
-63
-18
-75
-63
-18
56
-10
74
-18
37
22
42
14
-76
32
-90
-40
-19
-21
56
-83
-26
-127
-3
32
-89
13
15
-83
23
3
-20
56
28
-80
1
-18
-59
-29
-98
44
-28
-28
-26
17
-57
10
37
47
71
-95
-40
89
-14
-36
-15
-60
68
48
-96
32
38
-56
-51
32
89
-25
54
13
-98
34
-40
73
75
-101
-51
-123
-19
76
-90
-36
-53
-77
-104
-93
-116
-102
-95
19
-10
-72
16
-11
-110
15
-55
51
-52
-85
61
-23
90
-4
-73
104
-47
-6
-83
-70
12
92
-96
9
-108
22
9
-102
2
-7
-98
84
-44
-66
87
40
-88
-113
-88
15
25
45
-119
93
-24
-28
-45
55
84
-74
95
-89
-92
-64
-26
-122
-81
-43
-67
-96
68
-119
-44
73
-42
-8
-56
-81
-51
-2
-49
80
-50
103
29
73
24
-94
-2
74
-7
-127
92
108
78
16
-19
-11
-100
97
-19
42
99
-35
33
58
-24
-96
-3
127
-64
93
-98
14
-70
15
5
-63
3
-39
-17
-60
-13
107
-33
-55
-33
36
74
-97
17
9
-41
-55
108
91
63
23
-37
123
-105
70
27
-54
10
61
59
58
-18
19
75
53
-25
-9
-30
49
-66
-24
-14
-74
-41
-7
38
-13
-11
80
-30
98
-76
-4
111
44
121
-82
-32
44
7
54
-66
5
67
-47
-75
-12
-80
29
48
-65
71
85
35
-61
59
1
51
-45
104
63
-1
60
-10
-90
-90
-73
99
-43
-2
-60
-59
-93
-51
86
-50
43
-25
-85
48
-49
68
48
87
30
4
87
-7
33
-65
69
-14
45
12
-46
38
104
-59
-77
35
-44
15
-4
29
-5
57
-82
-59
31
-13
-65
-98
40
50
-117
81
-36
-62
98
-126
34
-20
-42
12
-52
16
67
-7
91
52
102
101
66
-2
-105
-89
-106
-65
89
75
-77
62
-49
-41
-113
4
-17
-67
-18
-93
-59
-23
-6
2
42
62
-54
79
-91
-3
9
-47
-7
-60
-59
-22
32
-3
-24
35
2
-4
57
72
27
-115
64
55
-41
-81
90
-54
-83
-90
-70
91
31
30
61
21
-26
-50
-24
-80
-42
-76
-26
-25
-84
-120
-57
-93
-127
41
16
22
-52
40
-100
64
-64
33
61
-39
80
-71
-49
22
86
-84
-25
-14
-1
-49
88
75
-10
55
61
-2
-31
-44
-75
-2
53
19
79
-4
34
21
16
-17
94
-58
-88
38
4
82
32
5
-15
56
-4
-34
45
78
80
-46
-16
8
14
-28
-109
48
-18
-40
-44
-36
-49
18
-84
-34
-51
81
127
-4
-111
123
-29
-48
44
122
8
8
36
53
60
37
-1
102
17
-11
15
33
100
-22
-62
-66
-93
61
-21
40
46
51
-48
53
-63
127
125
10
79
-83
-12
-94
45
0
-3
-85
25
28
-36
32
7
-7
31
-5
-44
50
-53
19
4
64
96
39
-25
-55
45
39
-62
96
-83
41
40
-16
69
-95
-17
-51
66
-9
24
44
28
-61
-97
-110
90
-9
-103
-3
23
57
50
-57
91
-15
-100
-69
32
4
-125
-19
-105
-106
-46
9
70
26
85
-121
-14
45
-95
-27
45
-112
42
4
17
-25
-115
-35
81
52
61
36
-22
-87
-103
-11
34
46
-97
-125
-76
83
31
-121
-115
66
38
-80
-119
-102
31
-6
-100
-76
-11
-44
47
-72
27
88
-7
82
37
-112
72
-21
-60
74
34
63
-80
12
98
55
-70
-113
-36
106
-67
-35
-1
39
59
-29
-61
42
11
-45
-5
-114
-85
80
90
64
-106
-2
-115
-102
-127
0
-86
-117
-93
-52
-63
-64
-106
-87
68
-111
-60
91
-50
23
-41
76
-45
-127
-27
-20
-49
-28
-120
-41
80
119
-14
-8
62
44
-48
-92
83
-60
71
-87
-43
80
-90
63
19
-38
-75
86
24
-53
-1
-117
-64
35
-95
39
-73
-101
99
41
30
120
-113
82
81
-39
60
104
41
17
-20
97
118
-48
43
-54
-7
-17
-104
-105
-78
-69
20
-99
-98
-78
36
41
105
57
-83
-61
-28
117
-28
93
48
68
-87
-49
-28
-60
-36
44
-56
59
31
30
-35
73
-51
-80
-3
91
101
-13
84
-2
35
33
62
-47
-10
3
-24
98
79
58
-2
7
84
111
0
8
81
-89
-23
89
20
84
-88
66
-45
-67
38
-27
52
24
43
-2
-47
-14
-3
-62
105
-49
-86
-84
4
31
37
58
44
-58
-46
-10
9
-84
-49
-8
57
-47
-17
77
-35
8
33
85
58
4
42
-12
17
50
-2
-68
-105
23
127
-81
5
-49
-96
-78
-29
-68
19
-26
55
-8
-90
-16
106
-12
-88
44
29
2
28
113
19
64
11
40
-40
46
-93
74
-16
6
92
78
-57
76
-26
-62
18
15
-48
-4
55
90
-8
-51
47
-64
50
-24
-106
101
-40
60
36
89
-83
-31
-89
-1
-3
60
-6
-60
-28
-69
-83
-72
31
-37
-105
-33
-44
117
43
-1
-34
79
99
50
42
35
-32
-20
-3
-54
-5
75
17
-86
20
-33
-53
-100
-26
43
57
30
-51
-8
-25
-33
44
16
25
-33
-24
32
6
8
-5
75
8
-22
-65
81
-25
-74
-73
-82
-111
27
-49
-50
-63
42
41
70
-47
84
-80
83
20
-22
98
83
31
15
-22
54
63
-27
65
-30
-30
-44
-111
35
-99
25
54
-127
-88
0
57
-7
25
31
-67
-75
-1
65
6
63
-41
-10
-121
28
71
-68
53
-42
-103
83
13
6
-15
30
-14
18
69
76
-35
50
15
81
57
22
20
-52
55
37
69
49
25
-7
-64
-54
-7
-35
92
26
2
11
-85
61
47
77
-66
36
3
6
-26
10
62
-56
43
-34
23
-64
-25
-112
72
98
-9
56
-73
-46
19
-48
-7
49
-80
-72
-72
75
92
74
32
56
62
-73
-9
-16
101
-66
48
-62
-44
67
56
-3
-64
6
-9
72
-66
-27
-108
-68
121
18
-2
96
28
94
24
-9
-27
-58
81
71
-29
-75
28
41
-25
49
-19
2
-35
-64
-12
-90
-36
81
1
-81
67
70
95
80
-48
-7
-31
-14
35
9
69
-119
26
4
-60
79
3
-48
52
3
84
77
60
25
36
82
30
-53
28
-92
107
-65
-10
56
-82
86
-127
25
10
19
-46
61
30
34
37
21
-41
-39
-73
41
-23
-40
26
58
39
-98
-96
-37
28
8
2
-51
17
81
-61
-24
51
-69
69
42
-9
-20
-69
1
13
-75
47
46
36
-31
31
27
-56
16
-100
-30
47
5
-30
-59
22
-127
-51
-95
13
-76
50
-71
-32
-51
14
1
-14
-17
-15
-3
31
-46
-2
33
-29
-115
64
-1
-16
-50
-42
-9
-66
-4
39
63
-50
-44
-24
11
2
-62
-28
-18
-29
4
-21
-28
-16
91
-75
83
61
-30
0
36
57
-91
-61
-40
-32
-19
-42
-39
-125
-12
61
-88
28
-65
-100
65
-94
20
-5
-1
-68
-22
14
-9
14
-114
-19
-41
-40
54
-1
-44
31
-45
47
16
19
-43
-37
6
55
-108
80
-72
-114
34
-105
94
48
98
-69
-117
24
82
-81
85
-20
81
-23
-104
61
-42
-101
14
57
25
105
20
3
-15
-76
31
106
37
-84
-111
61
28
15
-125
-100
-23
-125
-69
64
-72
-127
-79
109
-82
-122
32
71
-27
10
10
-59
-69
1
-88
53
-116
55
-87
57
73
-82
-121
14
55
-116
85
-70
36
-100
51
99
86
-31
93
-82
-92
-76
-60
-18
98
-106
84
-64
10
-9
68
-67
-57
111
-87
-75
-69
-102
-28
-41
-48
-83
-2
-33
12
-63
-54
-120
-114
95
11
-120
87
81
30
-71
-65
104
-112
-69
37
83
-24
54
6
7
1
-15
7
5
-56
-14
50
106
-42
66
89
-41
-104
90
-95
-22
13
63
53
-56
71
85
-85
-127
55
51
67
-42
30
45
-45
-29
17
6
-3
66
-56
82
-76
40
64
70
-36
43
65
-28
71
56
-15
-102
5
-70
56
7
53
-112
127
43
55
-78
103
47
-34
23
41
-35
82
-13
37
-25
-1
61
-40
-40
30
29
-109
30
34
32
84
35
4
-78
50
66
95
90
-18
15
-1
103
43
41
48
72
-26
56
44
-55
-25
47
116
-57
103
-121
20
14
48
-10
-104
43
-51
-64
49
-94
19
-69
-62
92
-36
97
63
92
83
-52
-65
79
72
40
-42
-82
-69
-8
75
88
73
-70
-59
-50
37
40
24
-35
-21
-68
-49
37
14
79
45
9
-72
-18
51
-50
90
-13
-36
-37
-113
-16
11
37
-30
59
-29
-8
-28
4
31
50
-34
21
28
-63
-34
-10
-11
41
71
38
-18
42
39
60
-7
33
8
-91
-63
-93
-40
-36
-60
-107
12
-2
20
-57
1
-127
-36
-78
31
-24
8
62
-45
-2
-24
-74
16
79
53
49
-73
46
30
-69
50
-4
-45
-49
-11
38
17
71
16
33
80
46
-6
75
-6
-54
-11
-3
-2
-84
78
-27
88
-42
-65
15
41
-48
19
-20
99
1
22
-62
-72
62
29
70
-63
95
101
-104
11
-31
40
102
7
-21
-44
-5
-46
71
29
45
50
50
-61
-46
-45
-42
-33
-85
-65
-60
-1
36
30
36
96
14
-51
4
-73
5
53
97
62
50
104
-43
56
103
-85
-103
-12
56
-16
-58
-91
127
-23
47
70
46
65
-76
63
-7
-24
78
80
-61
-2
73
126
-83
116
-81
34
-48
72
10
-82
-5
-47
-44
44
30
-89
-5
-25
-54
123
-21
-57
-58
66
102
-38
-17
59
17
-109
-16
104
54
42
-28
62
-60
11
-116
45
-20
7
42
23
35
87
-23
-60
52
-86
26
-40
75
4
-31
46
-29
-83
98
